      MDL_CABI = 2.277360D-01
      AEWM1 = 1.279000D+02
      MDL_GF = 1.166370D-05
      AS = 1.184000D-01
      MDL_YMDO = 5.040000D-03
      MDL_YMUP = 2.550000D-03
      MDL_YMS = 1.010000D-01
      MDL_YMC = 1.270000D+00
      MDL_YMB = 4.700000D+00
      MDL_YMT = 1.720000D+02
      MDL_YME = 5.110000D-04
      MDL_YMM = 1.056600D-01
      MDL_YMTAU = 1.777000D+00
      MDL_YL1 = 7.530000D-13
      MDL_Y2E = 1.000000D-10
      MDL_Y2M = 1.000000D-10
      MDL_Y2T = 1.000000D-10
      MDL_YNE = 1.000000D+00
      MDL_YNM = 1.000000D+00
      MDL_YNT = 1.000000D+00
      MDL_LAMDA = 1.000000D-01
      MDL_LAM1 = 1.000000D-01
      MDL_MZ = 9.118760D+01
      MDL_ME = 5.110000D-04
      MDL_MMU = 1.056600D-01
      MDL_MTA = 1.777000D+00
      MDL_MU = 2.550000D-03
      MDL_MC = 1.270000D+00
      MDL_MT = 1.720000D+02
      MDL_MD = 5.040000D-03
      MDL_MS = 1.010000D-01
      MDL_MB = 4.700000D+00
      MDL_MCHI = 4.730000D+02
      MDL_MPSI = 5.600000D+01
      MDL_MNN1 = 3.000000D+01
      MDL_MNN2 = 3.000000D+01
      MDL_MNN3 = 3.000000D+01
      MDL_MH = 1.250000D+02
      MDL_MPHI = 1.650000D+02
      MDL_WZ = 2.495200D+00
      MDL_WW = 2.085000D+00
      MDL_WT = 1.508336D+00
      MDL_WCHI = 1.000000D+00
      MDL_WPSI = 1.000000D+00
      MDL_WNN1 = 1.000000D+00
      MDL_WNN2 = 1.000000D+00
      MDL_WNN3 = 1.000000D+00
      MDL_WH = 4.070000D-03
      MDL_WPHI = 2.085000D+01
